array([[607.7,  22.5,  10.6,  11. ,  22.6,  16.7,  22.5,  18.8,  17.3,
         10.4,  11.4,  13.9,  14.9,  11.5,  10.6,  12. ,  12.7,  11.1,
         10.3,  15.6],
       [ 22.5, 235.8,   8.9,   9.2,   7.7,   8.6,   8.4,   8.9,  15. ,
          7.9,   8. ,  11.8,   8.9,   8.1,   7.3,   8.1,   7.8,   7.5,
          7.6,   9. ],
       [ 10.6,   8.9, 214.9,  73.8,   4.1,   3.4,   4.2,   4.6,   4.6,
          7.5,   8. ,   9.2,   8. ,   8.9,   8.8,   8.3,   8.9,   7.9,
          7.9,   8.2],
       [ 11. ,   9.2,  73.8, 188. ,   3.6,   3.2,   3.9,   4.2,   4.3,
          7.2,   7.6,   8.9,   7.7,   8.3,   8.3,   8. ,   8.3,   7.5,
          7.5,   7.8],
       [ 22.6,   7.7,   4.1,   3.6, 541.1,  29.1,  17.3,  17.3,  17.2,
         13.2,  13. ,  16.6,  10. ,   9.5,   9.5,  15.1,  15.6,  13.4,
         13.2,   9.9],
       [ 16.7,   8.6,   3.4,   3.2,  29.1, 201.3,  27.6,  27.4,  15.8,
          5. ,   4.8,  12.5,   4.4,   4.5,   3.6,   4.3,   4.8,   4.9,
          4.7,   4.9],
       [ 22.5,   8.4,   4.2,   3.9,  17.3,  27.6, 382.2, 129. ,  27.3,
          6.1,   6. ,  11.8,   6.1,   6.1,   5.2,   6.2,   6.7,   7.1,
          6.9,   7. ],
       [ 18.8,   8.9,   4.6,   4.2,  17.3,  27.4, 129. , 390.6,  27.7,
          6.7,   6.6,  12.8,   6.8,   7.1,   6. ,   6.8,   7.4,   7.5,
          7.4,   6.9],
       [ 17.3,  15. ,   4.6,   4.3,  17.2,  15.8,  27.3,  27.7, 317.7,
          7.1,   7.1,  13.1,   9.7,   9. ,   5.1,   6.1,   6.4,   6.4,
          6.3,  10.6],
       [ 10.4,   7.9,   7.5,   7.2,  13.2,   5. ,   6.1,   6.7,   7.1,
        373.9,  36.8,  12.1,  12.3,  13. ,  11.6,  12.2,  12.4,  12.3,
         12.4,  13.3],
       [ 11.4,   8. ,   8. ,   7.6,  13. ,   4.8,   6. ,   6.6,   7.1,
         36.8, 333.5,  11.2,  10.9,  13.3,  11.7,  12. ,  11.8,  12.3,
         11.9,  11.9],
       [ 13.9,  11.8,   9.2,   8.9,  16.6,  12.5,  11.8,  12.8,  13.1,
         12.1,  11.2, 257.3,  11.4,  11.8,  10.9,  13.2,  12.8,  11.3,
         11.8,  12.5],
       [ 14.9,   8.9,   8. ,   7.7,  10. ,   4.4,   6.1,   6.8,   9.7,
         12.3,  10.9,  11.4, 531.8,  16.1,  12.5,  13.2,  13.7,  13.6,
         13.1,  18.6],
       [ 11.5,   8.1,   8.9,   8.3,   9.5,   4.5,   6.1,   7.1,   9. ,
         13. ,  13.3,  11.8,  16.1, 144. ,  53.7,  11.3,  10.7,   9.8,
          9.9,  11.8],
       [ 10.6,   7.3,   8.8,   8.3,   9.5,   3.6,   5.2,   6. ,   5.1,
         11.6,  11.7,  10.9,  12.5,  53.7, 175.1,  45.7,  41.3,  10.5,
         10.8,   9.4],
       [ 12. ,   8.1,   8.3,   8. ,  15.1,   4.3,   6.2,   6.8,   6.1,
         12.2,  12. ,  13.2,  13.2,  11.3,  45.7, 194.6, 112.6,  14.8,
         15.4,  10.4],
       [ 12.7,   7.8,   8.9,   8.3,  15.6,   4.8,   6.7,   7.4,   6.4,
         12.4,  11.8,  12.8,  13.7,  10.7,  41.3, 112.6, 279.5,  17.2,
         17.5,  10.8],
       [ 11.1,   7.5,   7.9,   7.5,  13.4,   4.9,   7.1,   7.5,   6.4,
         12.3,  12.3,  11.3,  13.6,   9.8,  10.5,  14.8,  17.2, 287. ,
        151.4,  11.4],
       [ 10.3,   7.6,   7.9,   7.5,  13.2,   4.7,   6.9,   7.4,   6.3,
         12.4,  11.9,  11.8,  13.1,   9.9,  10.8,  15.4,  17.5, 151.4,
        242.9,  11.2],
       [ 15.6,   9. ,   8.2,   7.8,   9.9,   4.9,   7. ,   6.9,  10.6,
         13.3,  11.9,  12.5,  18.6,  11.8,   9.4,  10.4,  10.8,  11.4,
         11.2, 279.5]])
